267546
21500
372702
317330
363100
250170
365274
330560
147054
210736
616114
137460
1333114
466320
20740
574600
1110046
305426
562400
141540
334460
120420
552234
534270
220360
106740
346740
135606
455714
70046
154154
636462
26746
352554
310156
345232
33056
204670
162704
745000
31202
37524
514560
232610
101230
17472
10174
336440
435642
240006
100300
20140
626304
140140
24120
275012
735022
327040
1132140
467600
1251220
1205070
251240
22600
1004772
430364
1074324
326270
1464014
505310
350600
1107460
1054112
377254
111100
373500
253462
662020
227534
714270
1050254
27742
326164
1401040
507404
524334
344674
507734
1562446
211260
100214
1323432
411700
1033266
307050
705300
46016
262156
342320
367254
53020
322214
316404
200410
1100700
156760
364
1065156
447760
124
550604
300762
1026122
513540
1140200
454060
112200
556732
213716
35714
301314
24062
211222
71760
101266
643350
144350
41566
74662
1367270
16340
522434
146250
675120
133144
15312
115040
531036
627606
100524
1051700
256300
1327100
557600
11102
176154
504014
354214
24624
120574
151630
253540
607300
646746
274622
442570
1450130
273034
740200
1071610
347030
626400
773164
257200
17714
11340
66660
520536
123024
14734
1261260
1321270
115670
111524
76710
5360
256674
23160
511720
1421604
633154
43602
203600
377210
246656
1026506
150260
341240
335530
171050
127340
454606
172450
201540
365220
120214
264540
275100
366114
1201646
37560
440740
162230
702610
470640
625142
77740
300266
115200
137514
374050
540140
126150
361320
403572
34066
334334
622220
146300
667460
31120
244662
126172
304304
535240
202
530002
60644
23320
446036
304140
37670
404114
1232562
262364
142410
10030
410554
117052
553660
211040
503024
257574
1372060
461050
233764
266704
704266
1041620
1256646
440220
70260
1310414
525060
374740
42350
225112
325360
236370
100744
1411672
3552
552322
37070
362210
502700
106140
327424
15040
73400
63076
63212
456636
346546
240614
1543600
672320
43144
420070
246114
660140
155776
224012
407230
474406
344004
235074
54062
155340
617374
637140
143060
24076
336140
377734
104110
12450
1612740
15364
151140
160724
220362
410646
752752
173504
1366652
176430
44436
102676
57324
456000
1161120
103760
154242
612706
165360
153500
311022
561230
255636
115552
51664
352052
1330054
1230760
1045512
202020
313406
22176
530442
1127324
35440
1064200
453114
3606
2700
624446
75556
446660
16010
245216
1221440
365574
422766
126522
416344
670500
426016
166100
640332
241560
755434
76644
631654
257454
472174
7444
277640
261402
12700
113264
31334
2032
410432
171210
211200
316456
142306
17562
3026
13624
154672
324074
43570
540410
617150
421212
271310
116074
365200
460234
561420
761450
756164
312620
14450
1356
102362
54670
1045234
1033362
346100
762510
766540
1044746
75110
360272
250162
4424
662650
472274
1407414
225006
323250
130540
1373010
324314
470714
1324212
262376
1101766
1315600
233772
365632
70700
254640
473562
1172672
74300
1503126
64760
1440670
231300
51140
251254
1507442
1321120
41016
555400
341220
540160
305230
477312
70700
16456
574752
47674
751564
347250
23654
235312
125454
163576
114370
1233614
771100
622140
26024
274100
441356
204360
12174
577612
1161202
367226
11336
734560
237220
1240044
100740
511610
645026
42526
234012
311574
114720
345634
1022074
633736
240350
1044232
1130000
442560
50500
443020
441502
763050
713330
1117220
102256
1140674
406376
453720
513306
112200
616040
1225574
703214
310640
25520
660164
122114
362054
337104
154340
466166
376742
1253136
337176
1276620
35062
223626
13560
564174
655562
345270
247426
267706
1127540
54534
37730
412710
324354
1450700
33176
235032
1523126
666600
263230
135174
45700
507724
114472
700366
24560
1051322
537064
4120
1052002
501530
363710
152010
660114
6762
241160
115330
50500
554604
366600
1012300
626242
1566310
205304
244610
2404
246072
247654
353160
1021272
62166
213474
113136
377400
62
1043646
73000
102704
250744
334220
127416
522530
10140
1003500
736300
1234516
322606
742564
1305660
17726
421674
10514
117554
237360
715672
4320
774202
36114
37072
26174
1017662
512540
15062
435326
54470
66022
62700
736320
25642
671044
231400
264010
1012260
322732
676522
1340746
451764
1011360
427636
720040
17674
33006
502604
77306
436604
5656
1302474
416266
145344
116600
1404020
122540
1564
33532
466122
146436
512710
714350
42110
163214
310450
162006
270526
376704
25304
620714
214174
410340
646240
1656304
1400352
1347450
30564
23022
470100
1447750
351472
741534
1463660
60246
613560
251266
473416
227022
220476
42104
27072
26776
670750
633230
101030
1004600
722400
570376
551160
2346
1557314
1252720
362752
7304
121670
714540
351500
102454
254004
223610
407260
464004
267064
4070
705346
110320
303440
1302716
206454
427362
144460
623704
517354
636212
42150
316202
1005642
1271404
42634
544430
456060
757212
53220
51544
211560
2170
222300
351472
102102
251044
427230
7000
601564
761170
416512
422300
1122564
240576
253020
1156724
15252
123350
402100
276150
170250
306732
143220
246034
333754
121370
327354
46750
54132
525010
323642
100460
644700
1515240
1030370
1312
5426
146050
112514
1050344
722364
760654
376230
1057354
562202
344560
1117344
113732
36732
223710
162614
426472
212432
215300
773520
73040
14674
30030
464220
37756
711704
1516620
250776
15552
577060
731742
132240
1345404
1331660
136642
1204324
1012630
2662
333314
124170
44724
136544
70134
173424
47350
627340
1057242
1124502
235760
43544
246132
146734
1164414
744204
453244
1072240
134046
1211620
125506
1365664
104460
612300
453772
744362
276240
74174
765270
641614
123530
372466
127006
555620
216416
130264
652212
504444
102606
366400
155540
442206
126040
72100
143334
162162
737242
37200
1336574
52740
166746
36460
1207010
1141034
652730
303700
156200
167364
56216
513200
610772
147320
321230
133060
322430
157606
200442
425332
14610
42052
624252
222370
362430
60364
350200
12226
50364
2206
300722
1530370
356100
114340
24310
160250
363700
14260
334202
104170
24150
1054570
17064
406576
33504
21560
144000
234212
351624
247560
222332
610412
63220
131040
5456
61050
44512
56760
635142
174654
1123214
723450
31226
261006
23144
365062
1600124
50720
647140
72356
71550
100052
13200
30504
47234
66424
204306
1325352
213606
122562
336734
172236
27610
12040
624120
652660
1157500
60024
101222
416300
347200
237014
25336
1314354
32270
1216720
477370
157526
340214
543000
64542
150562
1276114
137764
27410
252442
375210
131720
356774
62310
1053014
63600
1407000
554554
474724
332500
144122
521140
551604
62014
250572
205362
65410
574270
344300
176240
106020
121060
4142
6716
254370
173650
306360
745040
304160
1101400
1302700
1555356
35026
100030
52260
163142
503670
235540
161516
107000
672020
300140
64314
1331242
1146064
143230
227246
170234
126340
346512
532452
674776
1100306
22636
720240
160654
51252
772360
400416
632420
355640
716352
426420
24276
217722
72004
461024
625124
334016
510146
476406
56460
3560
32200
611754
275520
1544
574
217474
76110
114230
613774
144210
154470
1307574
132220
513774
155660
253676
1233210
1052500
477230
616330
346140
1072
711420
105564
412010
416226
1124330
13154
307056
147150
1546776
1107540
731340
1147320
77124
254604
55156
706710
711436
203100
625440
114546
1226172
1470320
607400
71200
12612
176572
1310050
54420
32200
1207400
147300
100310
421600
512752
215322
243014
30410
633710
157572
516300
211040
175530
6740
127116
360014
1233570
53612
663064
736536
23362
431060
57552
466660
213306
375624
421206
172450
744566
42672
335370
1003220
336
342002
10076
155350
177344
603512
114160
134410
142372
44474
4040
473712
544456
37452
514050
1072204
1507404
1023120
133220
231062
67402
13566
537306
33600
606660
602574
322644
1153020
406532
531554
1075100
243136
1034724
1313170
101214
274530
250006
305330
242462
1574122
177274
433314
64460
157366
1024114
1044670
272470
1240662
23562
237316
137030
111200
244040
472300
672546
57014
407364
401522
5544
302002
1144
624670
1133400
60200
135244
66350
557722
306460
233536
760320
1150464
6262
160202
435550
165746
626440
30626
607064
17236
104320
727000
113360
1164364
146474
105074
156020
1435530
223550
735774
1225560
152444
325154
221510
120450
601764
567622
1614770
20774
164260
1104636
54746
665524
305000
60260
26760
246200
623720
254020
73016
440776
412764
1205622
1023236
20670
572504
70010
640444
1226254
126410
626654
607540
36034
275374
176576
1264636
104522
540104
71600
351746
1003670
27206
510
351104
447174
314176
475112
436742
653024
124240
425372
114030
1574210
1207700
145740
35660
256606
175224
57020
30502
151230
1042030
715464
67310
621404
522624
460304
211010
31004
4360
273772
146350
72340
174312
223160
1346304
551460
114200
425210
1045754
6550
350510
470000
253000
136140
53100
606234
420134
110246
113146
1433132
126034
122462
610672
1143700
237540
223434
211312
33514
236024
143250
166546
154124
32646
1555154
164750
443520
67604
230552
1043210
333426
613134
240160
1276176
177740
547122
1070174
34364
26532
315226
30614
44666
154416
27460
1431434
1024742
610260
661652
123770
1125750
575644
1005234
51116
104360
24442
300526
4476
167266
16566
224774
324620
542762
1221234
15160
473264
37050
316356
157762
301730
521364
13402
166134
12470
221456
25666
1710434
346670
51262
247040
514500
303432
1347100
332500
235400
602560
331626
35446
243570
45430
47170
241160
432500
172564
265072
4752
1734
4664
242640
412734
101610
30230
262276
14462
263106
231042
114246
672760
600470
1111420
3620
34004
1324400
650700
21214
310126
351066
341776
31576
403610
531140
15230
167430
2024
401354
1105142
451416
407720
37202
1035200
64350
532666
4034
720072
1071200
7062
733654
445536
526400
702634
103470
533700
200720
226050
1033214
104340
307026
20250
742726
104256
113550
153076
320012
502524
42400
106340
102660
63224
252550
213110
44060
1444024
121334
1023172
254760
367564
437116
1035774
1100630
200174
267724
24260
323764
1123604
215440
157710
150134
1262200
237376
46324
6250
235340
51760
510620
1300354
237266
422574
72102
216272
547204
1227600
742644
247340
34706
165140
1375660
15404
56020
102410
6274
774114
453040
162556
146012
1047350
325412
311264
55670
50224
357670
333016
112446
716000
347720
513174
261572
770014
401610
371306
340332
1524424
574154
257610
327120
11016
52760
44414
544610
240240
406642
621406
157724
350634
447024
1317646
50200
1055006
275272
272220
434400
100742
1165430
520320
576114
342524
361464
114712
215206
405104
621544
435140
2354
102506
54574
1445320
655156
1006640
114602
440344
71176
35704
144600
207620
357742
631400
1122012
345006
215124
44050
574
471752
1073122
37666
1122740
7570
62420
13614
54334
1200102
366154
400764
431464
707630
162460
202730
33534
1446724
357414
62436
537314
13200
1410060
551400
1120260
352052
707776
254020
705740
1023160
34260
202240
701672
1127340
104244
173300
604750
215236
236
273630
466620
702120
170454
60016
333410
223360
41016
21254
1307310
311700
256242
743612
1130616
1323440
2342
31554
305510
57772
67102
171654
44000
436534
700152
1130176
33020
1046132
123446
76760
143634
445320
62700
312674
361700
1065032
457600
633200
670726
662244
1056674
106722
6724
614550
110652
117436
74506
226104
772220
57070
1276516
223750
45320
133366
124052
102762
425626
76224
511340
322300
46000
246672
35004
165154
523040
53030
244224
134100
250030
617762
271362
245064
651252
565472
516154
243700
1015700
567642
23102
333036
1167304
30000
32600
420354
1464072
562104
102366
325052
156314
1221044
170650
23230
1036450
764744
722304
106240
273662
1272610
16134
10550
301404
272756
1167510
72004
1225334
265504
22016
523044
14054
376560
233662
24170
33316
73122
56034
37632
343570
257034
446424
24224
34000
222206
75700
465634
356200
330560
434114
303724
27032
333060
101156
11266
720732
504606
322100
470614
252120
427062
52640
6060
1027740
447612
522260
263776
22650
626100
251700
160710
3530
1024616
31126
60530
40424
42464
164700
664420
404756
25300
1442604
77066
73230
707524
34054
433130
137544
1376736
545644
212740
216444
313042
511274
736616
416550
301744
522524
170762
434020
443000
362554
1134224
336610
145310
1146534
104216
106760
210560
351456
356160
264322
220400
20710
551534
112200
165234
176610
1474636
5370
461714
1176220
42744
121144
63456
30770
425502
251434
544260
1131524
435540
74160
1047134
570500
7246
1644330
202056
127176
54716
515320
70156
1075422
1200404
160700
424666
723406
174160
33714
224742
621016
253440
1215462
35310
204254
1243210
125070
411334
215740
310764
1071250
717274
622374
1243036
71114
426370
110676
412330
333014
114620
315214
141526
450402
62360
232754
673700
20104
325326
306044
320020
1175700
162432
240144
746604
35070
542716
1660762
552726
1135430
12264
665712
1020074
33440
751624
505452
307100
172430
50160
15010
125076
1206630
305472
211122
156070
217064
104612
204044
30770
307430
227604
201146
542030
34152
133000
20036
315014
75020
274640
1277230
36710
244002
456036
141400
214460
605340
200326
60410
3742
104566
276360
122102
1153460
37200
373474
63014
1107540
1053002
565136
66374
327170
170204
604004
701610
521562
221422
232122
572410
1020
214764
1334344
1115344
4160
1266300
20174
712314
460400
17530
77120
651252
36544
100604
132320
61450
272674
122220
337716
501656
370604
1137640
1165450
457410
1003644
1114232
514644
360266
154710
343230
364200
432136
660270
225456
113130
343156
301276
246034
421100
155276
1430754
774226
1474512
420456
577500
275564
11324
350474
144320
227524
122
25146
301554
1174060
671100
151512
52376
314724
160552
114072
176106
55372
1350622
4704
1015716
322322
63272
4500
544470
1620140
76206
105360
127600
706026
46232
147350
141474
1220354
363562
665552
762154
474502
451202
127020
664522
641124
253652
374624
723450
22752
173314
1447230
642600
153426
635472
407300
1412460
1610
614060
15500
74100
272164
31230
725012
422140
465116
423050
343546
545352
734630
56712
26670
405264
546564
464632
125664
423502
417040
173732
160422
6012
33654
743424
171154
267174
263744
1511530
323350
221720
357260
277104
15456
43776
646332
1263060
255440
241770
30654
1306674
466212
201270
737140
1334170
27264
53020
345730
167500
37700
1414476
170550
121376
146572
565056
117014
241576
52604
163326
563654
351376
374660
1107364
1127616
164276
113630
603444
146746
111420
271704
1430226
326442
205276
257026
50470
1302170
1364
125050
433270
144404
1624700
331224
1070634
304150
43144
353612
121510
130216
334544
1242652
211426
121746
1312220
57544
653520
100076
614210
167630
261760
103240
70376
234154
217640
47704
262652
7240
55704
1067014
271176
164426
265474
723310
551452
3634
336234
453006
446630
134640
72150
5272
470354
77652
472344
1272206
1157760
1236520
354072
155660
1337216
136502
60112
312360
1602306
257214
170740
1510
1050300
646044
340164
160244
71400
25644
1555430
261600
51616
65600
430610
204560
520300
175124
511164
473606
656160
316524
157630
152050
723540
171050
30716
11660
511456
437034
7000
636212
426522
1345762
50264
523730
127254
1632424
5554
1131536
344600
575006
25550
673160
1007170
172440
143600
651420
543752
316612
55600
616422
131040
23020
236674
163206
463260
430012
114100
503420
601436
1271616
527626
156574
50072
466120
503364
41660
3222
1301000
450562
600052
727500
340224
1300370
470770
213412
31410
654164
372130
347536
4172
65334
153020
221740
33372
1013122
250360
243650
255562
143230
614464
577144
125120
1104442
1023640
172656
531560
436116
143110
1171720
470040
761320
143204
267702
161640
710116
17660
1076240
114422
750750
231776
713636
337340
1254630
72136
201124
470352
1571214
651156
275144
10426
62002
274474
323166
3040
206060
422364
612676
302124
1105630
771240
743140
1201560
644124
417222
542036
237306
634546
34662
173550
474454
736540
425722
1051014
1004
147566
313206
5510
44740
74376
100326
71132
125210
1204500
34650
76512
133734
126750
115772
320034
162504
122120
21700
67056
231352
35070
7502
321260
11746
155166
44374
1074450
115176
270300
1470520
354442
43120
107404
264566
143110
176610
1111120
600740
3060
407700
127542
317060
446072
1101474
201200
1570
1301726
555704
573254
157170
725356
176244
34520
1075702
1070
11024
553170
146460
334350
134710
700152
74310
212036
120542
111504
665460
416472
722654
206640
217140
1021540
134222
263160
175330
1035216
1144544
223300
213622
204140
14460
220444
245140
122736
77264
66254
635350
1170624
234140
56334
140700
323414
11716
32022
1241132
470352
112554
41030
33500
505004
103106
167556
107560
333012
154220
234344
104522
1233056
111162
371242
363716
23420
751550
653764
306430
141544
262436
24534
56010
272120
36646
777650
277230
306466
103140
53240
77460
152030
10244
52106
321340
445470
256630
1076052
1354674
235160
33320
374572
1200466
207060
577220
71336
52436
245026
1214772
125046
220770
311502
62500
523570
613756
555156
10040
1372164
104070
217046
24160
1052760
117650
144632
40460
143624
57442
1254702
652666
460544
177010
271740
442164
1424434
356542
33330
52162
1071144
15530
143634
2370
520300
225534
147444
714140
700300
12454
44520
415326
533416
24044
21602
771062
115504
101606
303122
27074
743720
3234
107670
173272
127056
1137664
64670
77176
1427506
333300
335242
221650
277156
366504
106220
4662
641620
27406
2070
6332
223640
60
10250
166246
120206
52114
45352
652470
1226234
14740
553410
27544
472712
514756
71374
12726
13500
1004476
71006
211064
412516
117400
266304
210622
130414
23620
337422
200270
24
477172
220470
52000
7250
676414
264676
304
555006
1466716
725210
437244
210400
526044
1023440
50002
1151040
625374
666036
1033136
702600
200540
672240
611120
313674
76750
116742
715046
202270
1156246
123530
467450
341240
105556
135600
145040
203262
1021100
751220
160546
503050
156464
142340
10010
14314
474144
55060
50534
34626
305664
547364
173026
51464
251634
657170
55614
44666
440330
151132
734750
305520
676600
1213266
156550
24364
353342
416322
1434724
753134
263300
564144
1235622
1230460
137674
535454
413642
466216
106154
357634
6344
421306
1065020
656074
257066
117462
526220
53662
1024024
34700
63402
274754
126456
156036
564144
501710
454240
457100
143710
123340
37700
763476
254334
106340
231110
60440
173030
460440
565756
363640
504000
351630
76544
1007102
41464
125674
3732
335310
121700
667444
556304
620620
311060
27650
266016
15270
421354
1134672
34356
1027514
305560
761412
277750
74226
165260
172002
1172364
567074
375122
74660
735462
266734
30740
267644
1306704
152772
241560
323050
1011010
77044
116752
237404
766534
406614
542542
1070754
7626
733056
775442
21070
4420
77220
764060
1054774
746600
630410
522104
1424364
474350
621130
5670
603532
145310
662730
267000
1153164
1343400
3124
371014
5670
734134
411730
15324
1116642
413724
1222554
140432
53650
704120
35466
207646
1057020
277070
345760
71716
347666
540400
511006
165322
563020
1172224
1066116
431130
1005334
1017062
27372
5640
1004320
175430
113342
374402
471450
1303602
371336
225552
105660
635644
417500
2170
310420
162516
403772
637054
414642
171000
1171334
135610
500176
763730
24064
412034
5734
242350
152040
175114
347210
1167762
107420
737772
304042
24320
103532
417276
246144
353222
711700
1640550
11374
3410
342724
143054
35360
717610
220336
122040
112404
262200
453500
121306
243314
151204
1176
244164
241420
24134
611414
10736
1076722
467674
46220
242526
127534
267600
62704
702562
261130
54110
1006662
71102
345260
677170
1520234
314412
364372
1040072
354072
377450
1051300
357040
1357540
1156420
432650
105140
460064
667120
654420
26260
1545172
566260
57354
21142
776630
634100
152424
650144
506574
246430
1034520
1412240
1015124
1621144
50114
547206
1627254
227634
1150304
43160
337410
115460
25304
450740
105276
755524
233420
442670
450410
130556
346016
61562
254514
305772
507036
104216
154000
57134
21532
1155146
151472
603244
405410
267312
744402
375670
45034
352264
252372
635026
331176
507234
1153620
122222
224400
544510
524226
1061674
112030
1607660
63166
12264
501572
444302
714500
356466
617324
144240
414050
33720
17360
7754
1253624
3660
616010
216100
41030
6110
472652
7632
364034
731202
707216
416030
1365246
665340
23510
1165132
1130414
522302
306306
455620
1202170
537572
1567532
67202
412062
1175460
123070
566470
361324
231326
1311640
242254
173314
50074
617004
1063260
552110
633556
371514
75714
140032
6022
751550
132644
1012030
343260
410040
370174
252660
570130
202370
1445626
67320
1303040
362132
364564
77770
272476
66440
221562
1615754
206730
406540
473476
16204
337602
5252
170700
1332462
1405756
362740
427100
15206
644314
213400
11264
331674
160374
715546
3572
302300
37624
17470
1004
242240
107660
1632210
140200
705330
431376
302104
1142530
457554
173264
24370
126764
540536
276114
651736
42710
302402
50702
244576
1032702
104740
306006
1651320
66116
1546074
332150
1350254
215046
221540
101444
1270264
143506
443630
141462
163460
45070
713000
575154
433174
41124
1152526
146520
50622
23232
32346
11272
21502
54272
256454
455620
626754
360154
1360130
235524
124160
614
1054654
627260
613310
75664
4540
502152
270050
1251750
1152122
305472
63036
24244
711750
1257012
1535000
135542
1020600
201234
46220
161500
465454
435630
364152
1346756
111336
112026
115204
33302
132730
5374
361416
222010
351140
563112
61034
1112144
1556150
446400
35310
230200
556320
430610
401374
1126646
475710
33206
562260
72364
1520602
46410
105062
562170
621566
60120
527422
215622
64220
526660
200246
556506
300400
354260
672020
1264640
665070
1153420
734440
642466
425156
1535762
257050
256074
264376
36344
142716
1173144
1206462
304374
333470
533522
425562
731550
362464
555400
322732
517062
123342
511610
256220
234320
211310
566540
1025754
531442
336414
1051410
10020
217340
121030
613536
44046
132150
321710
456460
3360
54236
1343310
757504
461656
62274
16616
754640
143464
241040
636242
1215360
6770
7672
246624
307224
142660
1611040
1164100
144556
713236
711430
702456
260210
1234352
263432
174600
27440
160334
442510
415040
61410
220624
63130
764200
610206
363100
310222
277024
45460
331222
675674
1346160
53436
355630
1046012
21214
743320
404430
376750
204614
216256
572244
146244
37154
637144
10410
22556
154656
1150464
640150
323730
620540
72414
126144
7710
236424
124604
1502242
146330
20144
174634
326540
525560
1150370
170140
740550
144240
150426
1110510
1426442
461572
1415736
177270
470210
157754
431312
21140
113036
555354
144664
207000
320062
103050
1121670
14374
744052
1304220
703130
2624
1202564
22572
651062
165262
2350
604672
1127164
12332
655740
6412
1036442
427640
456640
13022
1147024
35764
665544
342500
22000
127300
53744
144404
255470
272360
763160
101462
760634
67276
560032
165220
117730
255200
166042
276144
350246
71656
260004
22542
200530
701230
672650
46022
1014302
511562
301550
250744
1000456
41472
60600
767600
520454
275572
161436
161174
44322
566354
434420
1170376
406764
201660
62002
110462
1001636
536452
12144
120550
227700
106774
60350
1100630
513750
564704
637100
147332
340136
1020166
170600
33414
216460
236604
627722
1332050
207132
436222
532630
136554
26772
202326
733350
67574
11266
521200
146524
1570530
276346
30700
774460
104674
342320
114064
405014
16514
1373112
507306
703474
604744
454162
535500
161404
203754
302324
572160
1071014
112050
425260
267202
1120070
502722
1175520
274422
301236
10726
150324
222160
133614
345642
1133740
3702
424146
575130
626110
367730
135102
766240
356240
1474462
1365700
605576
650736
736732
315746
50104
37102
107254
104764
15636
33244
334310
144516
677770
430020
76010
432640
63200
410410
1001752
47640
107026
342750
11470
530114
504746
203150
354664
112260
177520
30576
24770
1357516
203572
625006
110000
112300
1052332
254672
130300
33602
557326
621320
237574
37360
72460
125346
664560
735344
1115240
452334
1360
605420
350072
755466
550240
527254
152642
556264
1141124
356524
74000
752426
1375270
100022
301342
222236
26114
247010
321076
344170
334160
324366
460374
214010
211640
1163130
36242
11066
1012
1353246
1100750
626540
272574
20560
164102
133210
143634
1370514
673650
314776
601642
614532
71134
436672
273754
1615440
376740
6452
1402214
1426100
1027656
41574
746612
545060
1001642
547200
275204
172710
213350
274026
27506
741270
106714
1164540
1121460
66734
12740
71060
1257234
140440
1023010
3256
237152
125226
1131244
1030004
143110
645774
1167640
201102
652522
1107004
420640
357404
533214
411530
204140
274452
300344
620240
1255024
35420
120270
71710
712436
300462
621330
123340
157020
3254
762170
133640
45144
517120
245210
10132
713134
340350
453772
27062
45304
60174
253364
30360
223760
521540
166360
42744
434326
250666
773000
4400
154072
12240
337710
221020
44000
53140
741664
61474
274220
1061330
1324050
212410
260560
1011010
561172
214334
601500
160160
272476
344520
11430
366330
137404
117524
425430
26436
220300
442112
1160520
605230
171700
235516
1072440
1421256
274536
562276
1012746
564204
46734
1106446
751454
26622
574276
617160
500730
123710
401542
243100
361040
13464
474656
7160
672760
1023314
34010
102000
10334
150026
174460
230230
330360
335700
377644
167214
740442
273730
573430
1047064
24050
1165742
231000
4200
206260
26270
434646
60174
10524
677424
1306110
240404
1277240
203474
163736
26554
1256610
65016
654040
766056
1470
353240
575654
1155066
547640
133326
277062
1230766
435230
301510
250674
305510
1033156
333730
617520
232144
104552
604060
414206
350412
153744
100210
1043540
275300
600422
1431670
203466
30300
101100
331520
61270
326530
777764
344324
175440
16456
1056364
365534
125276
24574
457674
511374
214000
273210
460634
40446
661364
1230736
514272
1152272
775106
271650
36656
113630
243350
552702
150500
1277476
152672
137024
432102
264050
200660
252230
635610
10054
162462
1216022
1035524
1132260
1157224
14170
45714
124476
72510
16266
273736
122312
312244
231504
156340
15454
610244
663060
152424
146210
213340
635644
445500
175000
1034644
534540
76010
154700
1077340
1050202
1632754
42152
7546
260410
47514
63572
141074
131242
215446
476304
761264
102160
727344
1400056
64312
70662
21412
371030
1423372
1523246
62542
1256002
264154
731460
654560
21066
232432
1104706
102006
515306
35274
112522
13566
52520
324032
52300
724364
77206
375516
210200
734340
752000
577314
134566
272344
44060
425722
360470
16670
343772
734734
754140
575476
6666
1116024
31162
1100046
245346
163744
215720
233462
252210
541564
203370
136466
304102
307240
510100
455134
22104
353532
324544
612014
17300
61034
466714
533756
153400
517610
327450
1032122
1202
321002
116414
645414
