1334473
474353
1027677
644453
157325
41465
63325
370251
117337
37663
56325
437657
40431
1024533
430257
146773
525135
4141
632321
756437
1212107
257601
1335773
112267
161335
112467
337771
47267
340211
271523
206461
117623
243651
1112033
1271147
325113
362161
554721
141425
26777
114015
407225
400605
157673
250475
307211
67023
12223
226173
76665
43137
66757
346231
301535
521171
420373
342307
334255
6721
26531
1425003
656521
60475
115633
20023
762175
21343
13673
57707
277457
133133
62533
112021
370065
11341
73247
452471
172443
122763
1342275
651671
200335
431335
126527
703
1147543
666243
456161
670413
642353
72237
7765
555677
261435
201773
115137
142511
341067
473603
301737
32723
414147
130553
200271
1565227
447163
1466627
257675
3373
363427
45667
566503
146607
544145
72015
225053
117327
204073
475335
437635
411767
752457
505245
137525
116313
1316557
15053
1274613
1142207
541035
22757
62571
4265
205703
260667
1013333
542421
301465
20737
4551
142635
546675
120175
5113
557741
402557
636363
51375
651453
434437
203371
605463
35617
1322145
300073
202631
14407
314647
151113
760427
21123
1415377
227235
267451
1212745
60011
214211
150635
271605
313651
242135
320523
145263
137247
12031
117361
125411
101347
506255
1005765
167723
23177
302117
1467735
1350463
630751
202035
504723
670355
112101
3725
3401
165025
146651
1537471
11111
411477
722055
655655
23213
253165
202257
446451
53631
357143
242051
655641
365223
102211
116355
713677
1622735
610275
25223
1175265
143
1602465
237207
620113
772517
1331641
776413
63357
54263
41237
756271
1156347
266125
17733
240205
517707
272135
624547
636011
222143
731777
261063
246423
4673
455747
50653
161665
176335
13255
34651
572007
413067
362107
117543
15205
607
175435
2311
606027
1114337
276617
243307
30401
1004061
612505
351325
520177
155703
101571
37121
43767
521657
515515
1111035
14577
42021
7437
363451
53613
536353
632173
303505
426767
341715
503427
67177
206241
303141
631723
1077635
441507
342207
403425
34731
631615
501237
27541
236217
54767
232545
543245
276617
1233645
362703
1221561
257175
54477
146563
1577
442627
16401
466667
1573731
404733
156027
363713
301433
356315
141557
271761
56361
1003531
212351
43017
167153
1131447
375741
15053
131423
705315
32671
1100077
5423
373547
353745
325303
26355
546117
304205
465237
171123
206757
163031
15573
6063
24411
30465
63123
631011
114063
163411
263571
52465
716577
30071
231561
17713
211013
123005
213445
35603
4565
144327
436015
415343
152477
717641
1466301
124071
44755
40225
312001
755713
244605
1037655
213007
150161
107255
77137
124173
431661
1276623
1062723
11157
1573237
121417
262471
201677
133171
1122543
36421
327153
75305
313775
157741
141351
755403
232177
136637
201401
227307
57617
62101
247613
405215
621351
76717
773531
124043
60617
65671
711551
577033
4761
274573
1527051
615135
1170041
51673
1006105
46263
10631
646575
42521
370047
1015443
13531
52253
1077453
245201
340437
121451
110137
1143623
174425
145307
75623
231167
706437
45661
20301
123321
260571
224045
731365
440645
104257
33033
1054767
1015613
441615
712255
25705
761127
1046045
37117
764621
1552551
1231707
360433
65161
216425
12315
55043
471015
56675
574377
241767
13351
734403
170143
30057
702151
133303
1547047
77677
730117
354727
216253
216431
1033467
321313
1014331
553
51555
3723
257675
17237
67163
34703
301463
141337
331155
507751
636617
427331
427735
20471
170451
224775
66705
76741
140165
1042743
212665
1233765
376013
414723
1342177
63021
1507325
44121
617253
1150471
765255
547753
170515
776667
73713
103217
477143
33573
23235
137005
1434135
564157
46251
412743
157465
125255
23315
46605
67733
375047
557443
157733
376401
176231
204431
132143
175555
5441
302745
757
40037
474221
35567
1021425
51445
1465255
36703
77177
65415
7221
474163
64107
120137
537355
156043
1070275
234211
53035
1652277
211227
34767
337573
1425243
17067
7425
102377
70457
347463
142417
755227
1140617
164351
55303
52457
23001
263235
61741
754651
6665
762303
6551
64753
431727
172673
46541
111761
577307
504603
254075
162471
262357
337737
102553
462565
126615
110777
301031
126753
173741
1203143
1416441
20741
174711
444075
40621
325201
755643
1466457
15555
322043
511163
245313
4211
152717
614413
241313
261647
620411
15537
100443
177111
432057
230117
1472251
743073
417637
154063
131305
1272621
21475
626551
170745
230443
245601
440207
173025
1101765
1270617
772527
575277
267115
422177
120745
151327
663733
361461
673321
1532505
137435
6127
130755
224607
211511
50565
16767
1317133
70077
1272665
76631
1261473
1303111
216513
676263
166725
511343
106215
51121
1070565
61151
223413
253255
202233
5757
37777
216273
24707
215145
50467
211277
1032031
46053
122011
12605
70545
402071
574471
312161
711505
400147
460551
2255
403333
600641
216667
220671
306231
1154733
667005
257327
137431
675113
144025
314765
520215
555365
52551
726407
4421
720423
55467
470575
12371
300261
431715
625405
743561
362275
200751
1363051
167101
107
625337
1206357
641165
633637
101715
766755
652511
142211
472043
55567
147331
14317
242501
62445
5663
574567
1133357
534261
1314345
272363
260553
256773
1431155
114531
55675
560055
725343
11151
160071
674121
100567
1021615
1136773
724473
1106703
723001
306617
146235
752447
74031
114405
21417
101075
632125
247027
1011111
1456023
162371
10505
103601
1632647
645047
24341
26107
71025
136657
33563
602313
536043
11341
704041
517157
125067
434433
67721
102041
645747
11113
517423
740325
466257
221505
1031071
271233
235235
1411455
32571
706273
1026631
33345
365705
330673
17113
5045
1434235
42637
314401
207775
52677
160433
532745
70315
205007
251401
242157
430477
120461
31163
707303
1157145
402721
227761
23711
476561
214531
126471
1431561
210347
476003
223365
616403
774127
312053
2541
32733
76621
273357
3721
536275
1226203
101627
614363
1347577
447031
261677
76263
424041
125623
140243
513755
1317057
746371
122257
156671
463607
37001
1272467
1055701
1265537
174557
115443
42273
74235
242267
264011
320251
451757
225005
73065
224607
42225
123365
177357
21363
430001
376627
636015
21373
714425
1034303
231743
576037
173577
557713
32351
230363
565363
1071711
371127
25601
25553
143507
550601
512025
125575
351315
322245
573537
635351
163513
203351
111521
517431
11041
136177
1262127
6743
117665
414447
16343
356765
114301
127333
6013
533061
674601
1117423
414525
1371625
375703
525
1150325
441455
237653
65137
544577
2707
122071
1042421
534755
451523
67501
1042457
52223
263217
110555
1333173
72423
27263
325465
171507
406051
644523
7421
52105
56033
16541
267105
72251
121303
1105671
23741
1611517
50675
511073
240171
435507
107161
432175
1036353
712445
531531
676777
153247
220545
1075333
77453
232333
366421
1037701
32327
256001
365277
154465
744653
543543
222043
705135
444353
722077
106641
423013
411363
164301
31617
164357
341757
226531
33663
1111143
412327
161007
562333
377637
204753
430273
250751
157507
641507
2607
17435
50651
6167
1251261
70513
163461
201331
107207
123413
44511
111721
626635
1551141
1430037
237107
257027
20341
704123
1445273
162261
445547
210675
315221
342357
554061
225423
760353
272233
1233023
645645
52653
472613
507753
177717
1304167
1154361
13517
272167
315651
22321
205777
25173
232501
30155
150411
7501
323505
255063
24437
51233
40253
73525
36341
123357
23713
677323
136451
617735
1012371
453707
51035
122631
501717
155643
13657
14501
1044035
365605
727163
33405
43501
1517605
403653
64623
217123
1145271
632707
230771
20161
760471
1137415
1252121
121555
236031
343443
203175
30545
136605
530517
624731
164071
101757
135721
115067
322677
534177
461555
152357
1173257
543635
607767
727663
124363
55047
56415
407737
12601
62175
1051227
240001
213645
313115
177557
36311
745657
164667
4411
122173
142033
1570375
224521
1064637
60505
205675
476741
137657
553677
170337
556661
506301
57723
66711
151625
3001
72663
363511
557475
524505
533107
512113
20667
602445
300755
176563
305355
42021
5531
107437
171015
427601
33053
602125
306077
243101
221313
123427
1340337
1636305
674435
233175
24527
33625
307731
552461
546037
141027
213535
1222067
737553
431775
1304457
531113
716373
1474275
604231
1255505
406611
354161
406323
3473
433463
330613
1472223
336015
346701
162413
564057
145511
473667
124331
423035
34747
460273
604605
1446003
36531
25
422331
255101
340327
1035221
110367
172225
373131
310071
335135
106011
26031
160337
131125
53403
1334345
134005
222621
10623
510643
636317
1735
240633
172445
667711
7411
211241
1056667
